56
756
568
541
669
947
635
298
597
393
966
766
266
97
699
313
193
787
905
484
129
971
859
956
258
233
276
857
474
721
375
266
450
447
859
807
680
697
827
483
998
672
115
892
343
987
918
280
890
850
941
533
879
901
26
244
606
863
474
611
759
202
681
775
612
936
816
83
914
995
353
807
366
730
563
543
21
216
249
422
388
466
300
344
958
77
329
169
684
714
21
549
430
792
973
389
360
660
307
899
328
926
898
66
203
963
234
372
887
683
791
537
51
407
572
418
259
561
277
503
520
991
762
611
492
621
679
58
187
862
816
43
909
407
106
824
800
840
565
127
42
871
597
197
331
819
480
398
57
939
26
691
806
89
588
264
100
590
123
777
361
450
860
944
173
416
21
758
504
828
351
820
777
666
960
236
209
37
724
193
69
584
972
247
234
724
439
393
947
607
284
541
639
573
298
214
830
966
102
910
529
708
172
390
233
478
25
563
39
102
925
815
755
964
350
633
216
285
919
905
701
644
951
997
519
898
366
601
65
389
107
238
222
131
248
762
373
681
607
223
154
68
734
891
582
891
21
620
181
655
945
925
677
656
289
26
294
798
677
156
413
713
174
713
530
157
984
635
162
589
132
259
631
530
755
954
762
897
853
948
827
79
951
465
919
545
163
801
881
460
570
572
643
189
428
587
115
559
647
838
595
919
974
651
752
709
801
808
484
657
994
181
959
144
136
89
400
810
340
959
778
736
321
804
370
375
320
936
284
340
977
7
285
683
623
51
643
288
546
504
320
601
96
387
758
806
957
480
36
838
854
694
590
87
646
793
380
122
840
589
353
264
691
713
11
853
947
479
298
392
948
271
833
212
722
75
794
478
676
226
470
58
86
284
562
333
414
471
309
545
574
628
422
65
504
385
250
281
944
580
138
208
395
880
604
813
413
543
840
155
392
805
731
75
112
60
600
428
356
881
954
74
935
115
502
952
404
27
893
923
864
836
496
324
561
377
212
233
229
69
549
426
637
203
894
499
416
794
854
938
748
981
142
471
831
197
599
515
147
971
889
726
192
349
143
545
76
596
638
341
654
280
795
350
304
545
28
175
586
851
422
475
162
28
654
829
498
846
380
101
2
428
370
8
756
458
994
66
815
285
213
123
923
956
896
923
475
610
88
859
129
561
326
946
411
901
126
408
539
466
617
51
604
890
347
419
576
743
391
892
359
833
990
696
417
301
614
766
413
115
743
123
682
834
905
419
154
274
633
516
831
829
458
472
877
459
304
533
143
520
184
554
502
780
420
320
532
120
915
450
215
352
612
883
761
409
234
739
404
743
331
701
354
51
875
752
10
777
6
720
551
250
827
424
802
642
452
175
560
463
801
292
103
532
28
687
369
514
215
997
283
690
537
447
928
81
888
560
86
8
385
409
50
903
619
739
823
334
417
312
585
944
438
839
80
436
450
330
968
113
619
93
445
373
975
606
948
466
613
747
589
494
980
468
405
893
123
990
951
333
856
201
666
758
580
767
510
356
811
994
312
554
681
464
925
421
240
93
787
562
143
630
451
725
420
781
619
255
577
254
792
250
188
613
168
429
65
585
613
975
627
185
286
161
543
10
528
141
9
730
897
205
896
228
269
833
324
248
569
337
520
534
197
851
394
639
375
209
72
929
98
914
517
77
734
171
416
654
537
338
237
695
706
415
453
825
582
696
897
625
12
615
716
875
507
609
62
405
771
958
444
73
544
913
253
184
691
723
824
584
844
656
273
202
610
677
266
898
746
419
294
84
382
141
409
655
852
995
795
665
679
625
971
855
628
551
864
383
27
381
219
588
981
610
256
61
364
953
35
603
446
929
216
76
435
472
107
897
78
419
581
640
89
796
352
119
912
89
674
142
720
173
501
311
104
853
615
821
389
521
373
334
924
636
386
695
217
690
646
210
484
614
169
198
779
669
495
852
146
842
582
977
199
511
26
13
474
533
481
814
937
480
298
553
267
561
665
911
978
801
653
536
371
143
515
159
930
327
907
906
518
440
40
364
19
55
278
544
703
589
219
108
948
954
39
384
860
948
824
202
75
624
718
695
870
411
774
303
145
142
586
774
486
260
621
635
306
738
453
479
385
274
393
203
178
451
889
310
277
864
828
642
56
595
420
426
761
734
71
962
790
78
775
819
280
701
929
441
534
674
579
859
910
479
494
983
478
671
10
111
24
2
17
908
892
590
475
429
448
500
273
796
907
876
38
621
431
621
47
980
668
69
548
698
945
826
54
524
885
771
